0.001 10.9325 2.59949
0.002 10.8572 2.67587
0.003 10.8269 2.70572
0.004 10.7934 2.73759
0.005 10.7369 2.79568
0.006 10.7137 2.81891
0.007 10.6812 2.8512
0.008 10.6469 2.88565
0.009 10.605 2.9272
0.01 10.5804 2.95172
0.011 10.5709 2.96077
0.012 10.5476 2.9832
0.013 10.4723 3.05986
0.014 10.4739 3.05836
0.015 10.4574 3.07376
0.016 10.4442 3.08656
0.017 10.3704 3.16118
0.018 10.3378 3.19446
0.019 10.3254 3.20581
0.02 10.3059 3.22646
0.021 10.2692 3.26225
0.022 10.2547 3.27741
0.023 10.223 3.3106
0.024 10.2074 3.32508
0.025 10.1956 3.33739
0.026 10.1788 3.35315
0.027 10.1599 3.3726
0.028 10.1382 3.39385
0.029 10.1014 3.42996
0.03 10.0667 3.4662
0.031 10.04 3.49341
0.032 10.0158 3.51627
0.033 10.0023 3.52994
0.034 9.99594 3.5357
0.035 9.96862 3.56299
0.036 9.95301 3.57864
0.037 9.9152 3.61716
0.038 9.89027 3.64256
0.039 9.86207 3.66977
0.04 9.83705 3.69487
0.041 9.83685 3.69641
0.042 9.84425 3.68707
0.043 9.80656 3.72592
0.044 9.78973 3.74174
0.045 9.74922 3.78361
0.046 9.74845 3.78303
0.047 9.71604 3.81615
0.048 9.69813 3.83427
0.049 9.65305 3.87936
0.05 9.67441 3.85796
0.051 9.66763 3.86357
0.052 9.6649 3.86789
0.053 9.62064 3.9116
0.054 9.61179 3.92016
0.055 9.59657 3.93574
0.056 9.57575 3.9559
0.057 9.53466 3.99803
0.058 9.52705 4.00445
0.059 9.53145 4.0004
0.06 9.4963 4.03651
0.061 9.50581 4.02651
0.062 9.4722 4.06041
0.063 9.45035 4.08165
0.064 9.4306 4.10152
0.065 9.43115 4.10051
0.066 9.41072 4.12081
0.067 9.42313 4.10941
0.068 9.38061 4.15206
0.069 9.37173 4.16039
0.07 9.351 4.181
0.071 9.3455 4.18668
0.072 9.29901 4.23306
0.073 9.30074 4.2311
0.074 9.27728 4.25449
0.075 9.27296 4.25918
0.076 9.2736 4.25803
0.077 9.2075 4.3244
0.078 9.22442 4.30688
0.079 9.23717 4.29477
0.08 9.22486 4.3066
0.081 9.19999 4.33101
0.082 9.17103 4.36119
0.083 9.19594 4.33672
0.084 9.15426 4.37782
0.085 9.14014 4.39189
0.086 9.1122 4.41911
0.087 9.10198 4.42928
0.088 9.12525 4.40683
0.089 9.09267 4.43879
0.09 9.08393 4.44728
0.091 9.05894 4.4733
0.092 9.04581 4.48548
0.093 9.0211 4.50981
0.094 9.03387 4.4974
0.095 9.0091 4.52365
0.096 9.01332 4.51814
0.097 8.9873 4.54435
0.098 9.01434 4.5173
0.099 8.98349 4.5475
0.1 8.96053 4.5716
0.101 8.95967 4.57298
0.102 8.94351 4.58883
0.103 8.94464 4.58687
0.104 8.91432 4.61736
0.105 8.91857 4.61332
0.106 8.87736 4.65464
0.107 8.9076 4.62428
0.108 8.87752 4.65473
0.109 8.86725 4.66468
0.11 8.86395 4.66755
0.111 8.84629 4.68543
0.112 8.802 4.72926
0.113 8.8081 4.72388
0.114 8.81175 4.71936
0.115 8.79147 4.74019
0.116 8.77684 4.75464
0.117 8.81626 4.71591
0.118 8.7586 4.77292
0.119 8.77288 4.75971
0.12 8.77282 4.75865
0.121 8.74083 4.7905
0.122 8.73328 4.79832
0.123 8.69174 4.83967
0.124 8.70419 4.82802
0.125 8.71209 4.82008
0.126 8.68656 4.84511
0.127 8.66329 4.86877
0.128 8.68449 4.84697
0.129 8.65603 4.87572
0.13 8.68255 4.84903
0.131 8.66698 4.86504
0.132 8.63716 4.89419
0.133 8.65253 4.87908
0.134 8.63881 4.89227
0.135 8.61827 4.9133
0.136 8.60262 4.92932
0.137 8.59634 4.93568
0.138 8.64225 4.88879
0.139 8.59643 4.93535
0.14 8.57284 4.95915
0.141 8.59367 4.93795
0.142 8.56691 4.96413
0.143 8.56499 4.96726
0.144 8.54076 4.99074
0.145 8.50793 5.02403
0.146 8.5512 4.98083
0.147 8.52639 5.0053
0.148 8.51309 5.01845
0.149 8.49716 5.03514
0.15 8.50563 5.02562
0.151 8.47883 5.05251
0.152 8.49554 5.03566
0.153 8.49125 5.03964
0.154 8.49236 5.03926
0.155 8.47268 5.05954
0.156 8.45456 5.07665
0.157 8.47514 5.05628
0.158 8.44939 5.08226
0.159 8.41071 5.12105
0.16 8.48434 5.048
0.161 8.40865 5.12246
0.162 8.41996 5.11128
0.163 8.4157 5.11645
0.164 8.40333 5.12845
0.165 8.38131 5.1501
0.166 8.39918 5.13228
0.167 8.39942 5.13267
0.168 8.39363 5.13834
0.169 8.37807 5.15358
0.17 8.39642 5.13516
0.171 8.41025 5.12159
0.172 8.35754 5.17356
0.173 8.32846 5.20292
0.174 8.35292 5.17817
0.175 8.33899 5.19283
0.176 8.32222 5.20935
0.177 8.33984 5.19161
0.178 8.34455 5.18771
0.179 8.29917 5.23204
0.18 8.296 5.23538
0.181 8.29784 5.23403
0.182 8.29235 5.23922
0.183 8.31275 5.21801
0.184 8.28868 5.24348
0.185 8.3071 5.22492
0.186 8.28016 5.2519
0.187 8.29334 5.23878
0.188 8.30343 5.22872
0.189 8.27644 5.25586
0.19 8.27472 5.25646
0.191 8.24746 5.28424
0.192 8.25997 5.27196
0.193 8.25342 5.27773
0.194 8.24671 5.28476
0.195 8.23122 5.29994
0.196 8.24942 5.28257
0.197 8.25189 5.27923
0.198 8.20295 5.32795
0.199 8.2569 5.27364
0.2 8.21896 5.31323
0.201 8.2193 5.31218
0.202 8.19354 5.33777
0.203 8.20678 5.32489
0.204 8.19635 5.33537
0.205 8.17924 5.35236
0.206 8.18541 5.34654
0.207 8.18727 5.34454
0.208 8.14183 5.39024
0.209 8.17742 5.35442
0.21 8.13152 5.39997
0.211 8.14544 5.38612
0.212 8.17991 5.3517
0.213 8.13505 5.39647
0.214 8.14433 5.38746
0.215 8.16453 5.36708
0.216 8.15885 5.37293
0.217 8.12191 5.40993
0.218 8.1108 5.42147
0.219 8.14333 5.38844
0.22 8.12995 5.4018
0.221 8.10497 5.42744
0.222 8.12195 5.41011
0.223 8.11864 5.41323
0.224 8.10566 5.42614
0.225 8.085 5.44642
0.226 8.11111 5.42086
0.227 8.10666 5.4251
0.228 8.13211 5.40016
0.229 8.05735 5.47506
0.23 8.07316 5.45895
0.231 8.07549 5.45603
0.232 8.07535 5.45569
0.233 8.09856 5.43259
0.234 8.08005 5.45151
0.235 8.0382 5.49304
0.236 8.04804 5.48382
0.237 8.07397 5.45827
0.238 8.0683 5.46325
0.239 8.03464 5.49686
0.24 8.01837 5.51347
0.241 8.01631 5.51546
0.242 8.02734 5.50432
0.243 8.05927 5.47293
0.244 8.02907 5.50261
0.245 8.00866 5.52284
0.246 8.01272 5.51918
0.247 8.02828 5.50373
0.248 8.01409 5.51722
0.249 8.03448 5.49675
0.25 8.01317 5.51816
0.251 8.03865 5.49317
0.252 8.02505 5.50582
0.253 8.03079 5.50061
0.254 8.00019 5.53146
0.255 8.02815 5.50364
0.256 7.99536 5.53631
0.257 7.99967 5.53135
0.258 7.9955 5.53585
0.259 8.00831 5.52292
0.26 7.98334 5.54846
0.261 8.00815 5.52315
0.262 8.0019 5.53004
0.263 7.99417 5.5374
0.264 7.96361 5.56758
0.265 8.01037 5.52084
0.266 7.97916 5.55176
0.267 7.95486 5.57692
0.268 7.95408 5.5772
0.269 8.00018 5.53079
0.27 7.98499 5.54681
0.271 7.95431 5.57747
0.272 7.96326 5.56857
0.273 7.95112 5.5805
0.274 7.94193 5.58977
0.275 7.95486 5.57721
0.276 7.9617 5.57006
0.277 7.95412 5.57717
0.278 7.9717 5.56009
0.279 7.89245 5.63898
0.28 7.94653 5.58505
0.281 7.96944 5.5623
0.282 7.93903 5.59252
0.283 7.91082 5.62132
0.284 7.94111 5.59064
0.285 7.92989 5.60165
0.286 7.92186 5.60986
0.287 7.89283 5.63902
0.288 7.89954 5.63232
0.289 7.91083 5.62015
0.29 7.90167 5.62963
0.291 7.91559 5.61521
0.292 7.90561 5.62649
0.293 7.92647 5.60521
0.294 7.91575 5.61615
0.295 7.90746 5.62454
0.296 7.94111 5.59028
0.297 7.92179 5.60938
0.298 7.88719 5.64428
0.299 7.89881 5.63258
0.3 7.90567 5.62567
0.301 7.8883 5.64324
0.302 7.90639 5.62521
0.303 7.90197 5.63025
0.304 7.93369 5.59859
0.305 7.88091 5.65083
0.306 7.89888 5.63198
0.307 7.85283 5.67893
0.308 7.87327 5.65793
0.309 7.88105 5.65025
0.31 7.87266 5.65911
0.311 7.8653 5.66628
0.312 7.88739 5.64416
0.313 7.87152 5.66023
0.314 7.89329 5.63815
0.315 7.85993 5.67148
0.316 7.87504 5.65711
0.317 7.83728 5.69445
0.318 7.87132 5.66078
0.319 7.8799 5.65147
0.32 7.86351 5.66792
0.321 7.86128 5.67015
0.322 7.85527 5.67597
0.323 7.85847 5.67267
0.324 7.85743 5.67343
0.325 7.85904 5.67224
0.326 7.8758 5.65599
0.327 7.85986 5.67141
0.328 7.87217 5.65876
0.329 7.83436 5.69704
0.33 7.86806 5.66337
0.331 7.84143 5.6896
0.332 7.84218 5.6895
0.333 7.85109 5.68072
0.334 7.85456 5.67746
0.335 7.84219 5.68832
0.336 7.83102 5.70043
0.337 7.85377 5.6782
0.338 7.85266 5.67907
0.339 7.84371 5.68839
0.34 7.83073 5.70047
0.341 7.81263 5.71855
0.342 7.81969 5.71154
0.343 7.84049 5.69088
0.344 7.82382 5.70787
0.345 7.83728 5.69417
0.346 7.82574 5.70597
0.347 7.81487 5.71609
0.348 7.83732 5.69456
0.349 7.80758 5.72443
0.35 7.82282 5.70852
0.351 7.8214 5.70996
0.352 7.79359 5.73805
0.353 7.81769 5.71423
0.354 7.82315 5.70783
0.355 7.79808 5.73411
0.356 7.83175 5.69938
0.357 7.82861 5.70235
0.358 7.78137 5.75003
0.359 7.83142 5.69966
0.36 7.78343 5.74827
0.361 7.77388 5.75739
0.362 7.79636 5.73499
0.363 7.81816 5.71293
0.364 7.78485 5.74669
0.365 7.82647 5.70525
0.366 7.80623 5.72419
0.367 7.75337 5.77831
0.368 7.81291 5.71831
0.369 7.8315 5.70018
0.37 7.8127 5.71856
0.371 7.83095 5.70085
0.372 7.7873 5.744
0.373 7.80437 5.72668
0.374 7.80406 5.7273
0.375 7.81265 5.7194
0.376 7.78554 5.74606
0.377 7.82466 5.70701
0.378 7.81739 5.71358
0.379 7.80948 5.72193
0.38 7.75784 5.7731
0.381 7.80432 5.72701
0.382 7.79214 5.73868
0.383 7.77116 5.76001
0.384 7.79899 5.73212
0.385 7.7952 5.73668
0.386 7.78194 5.74948
0.387 7.76484 5.76638
0.388 7.79946 5.7317
0.389 7.79394 5.73773
0.39 7.75059 5.78099
0.391 7.75663 5.77454
0.392 7.79051 5.74059
0.393 7.75905 5.77237
0.394 7.7975 5.73422
0.395 7.77692 5.75435
0.396 7.77128 5.75976
0.397 7.79383 5.73752
0.398 7.77349 5.75802
0.399 7.78757 5.74415
0.4 7.78505 5.7462
0.401 7.77487 5.7563
0.402 7.81459 5.71655
0.403 7.77447 5.75706
0.404 7.80382 5.72784
0.405 7.78526 5.74625
0.406 7.76784 5.76352
0.407 7.76446 5.76705
0.408 7.78354 5.74821
0.409 7.75782 5.77325
0.41 7.77698 5.75394
0.411 7.7376 5.79383
0.412 7.76623 5.76507
0.413 7.78205 5.74938
0.414 7.76109 5.77064
0.415 7.75232 5.77945
0.416 7.75557 5.77547
0.417 7.78166 5.74934
0.418 7.7505 5.78099
0.419 7.78189 5.74953
0.42 7.76565 5.7655
0.421 7.75642 5.77478
0.422 7.75481 5.77696
0.423 7.75749 5.77414
0.424 7.74572 5.78586
0.425 7.77775 5.7532
0.426 7.73909 5.79198
0.427 7.77607 5.75597
0.428 7.75016 5.78165
0.429 7.76424 5.76739
0.43 7.76446 5.76712
0.431 7.75659 5.77443
0.432 7.75065 5.78145
0.433 7.75829 5.77293
0.434 7.81038 5.72151
0.435 7.76166 5.77007
0.436 7.7839 5.74735
0.437 7.76272 5.76823
0.438 7.74763 5.78357
0.439 7.77085 5.76052
0.44 7.76753 5.76404
0.441 7.75774 5.77259
0.442 7.73953 5.79162
0.443 7.74092 5.79012
0.444 7.73096 5.80051
0.445 7.7354 5.79568
0.446 7.72938 5.80181
0.447 7.80351 5.72836
0.448 7.75007 5.78104
0.449 7.73494 5.79648
0.45 7.74046 5.79107
0.451 7.72399 5.80691
0.452 7.73752 5.79388
0.453 7.74419 5.78724
0.454 7.73721 5.79401
0.455 7.7719 5.75996
0.456 7.74824 5.78368
0.457 7.7533 5.77855
0.458 7.7119 5.81992
0.459 7.7421 5.78918
0.46 7.74039 5.79088
0.461 7.7339 5.79771
0.462 7.75312 5.77834
0.463 7.74061 5.79046
0.464 7.71587 5.81542
0.465 7.75571 5.77563
0.466 7.70538 5.82557
0.467 7.76661 5.76488
0.468 7.71988 5.81151
0.469 7.73388 5.79802
0.47 7.74633 5.78517
0.471 7.72509 5.80595
0.472 7.7443 5.78727
0.473 7.74333 5.78816
0.474 7.75166 5.77895
0.475 7.74365 5.78694
0.476 7.72554 5.8054
0.477 7.73758 5.79407
0.478 7.72108 5.81011
0.479 7.70418 5.82692
0.48 7.75408 5.77736
0.481 7.74442 5.78701
0.482 7.71606 5.81484
0.483 7.71395 5.81687
0.484 7.72378 5.80816
0.485 7.72306 5.80817
0.486 7.74218 5.7893
0.487 7.72816 5.80298
0.488 7.74878 5.78288
0.489 7.74449 5.78688
0.49 7.73394 5.79751
0.491 7.71291 5.81802
0.492 7.72206 5.8098
0.493 7.74045 5.79138
0.494 7.7451 5.786
0.495 7.72336 5.80847
0.496 7.73161 5.7997
0.497 7.75126 5.78011
0.498 7.70397 5.82715
0.499 7.75257 5.77866
0.5 7.71956 5.81215
0.501 7.70661 5.82499
0.502 7.74519 5.78661
0.503 7.70889 5.82223
0.504 7.74027 5.79137
0.505 7.72506 5.80652
0.506 7.6947 5.83694
0.507 7.73003 5.80115
0.508 7.72881 5.80288
0.509 7.7259 5.80522
0.51 7.72394 5.80724
0.511 7.74252 5.78878
0.512 7.72894 5.80277
0.513 7.70487 5.82656
0.514 7.71656 5.81521
0.515 7.72372 5.8077
0.516 7.69116 5.84052
0.517 7.70324 5.82813
0.518 7.72336 5.80831
0.519 7.74411 5.78753
0.52 7.71516 5.81666
0.521 7.72237 5.80886
0.522 7.70558 5.82533
0.523 7.74919 5.78199
0.524 7.73683 5.79449
0.525 7.75398 5.77755
0.526 7.71363 5.81714
0.527 7.74333 5.78761
0.528 7.73885 5.7923
0.529 7.7446 5.78655
0.53 7.72428 5.8075
0.531 7.72572 5.80571
0.532 7.7248 5.80685
0.533 7.72338 5.80737
0.534 7.73137 5.79963
0.535 7.69244 5.83875
0.536 7.72127 5.81
0.537 7.68543 5.84579
0.538 7.69274 5.83829
0.539 7.70393 5.82748
0.54 7.71182 5.81943
0.541 7.72574 5.80591
0.542 7.73494 5.79723
0.543 7.69772 5.83376
0.544 7.72225 5.80906
0.545 7.67227 5.85886
0.546 7.73272 5.79834
0.547 7.72049 5.81101
0.548 7.706 5.82554
0.549 7.7297 5.8011
0.55 7.71984 5.81111
0.551 7.70746 5.8238
0.552 7.70833 5.82338
0.553 7.71615 5.81548
0.554 7.7031 5.82824
0.555 7.71619 5.81511
0.556 7.70563 5.82559
0.557 7.68137 5.84998
0.558 7.72692 5.80437
0.559 7.69262 5.83905
0.56 7.74993 5.78167
0.561 7.72398 5.80727
0.562 7.6637 5.8668
0.563 7.70833 5.82276
0.564 7.70394 5.82751
0.565 7.6751 5.856
0.566 7.74487 5.78662
0.567 7.72723 5.80395
0.568 7.72209 5.80931
0.569 7.71253 5.81875
0.57 7.69394 5.83815
0.571 7.70754 5.82393
0.572 7.69176 5.83956
0.573 7.71426 5.81695
0.574 7.73931 5.79146
0.575 7.72043 5.81128
0.576 7.72462 5.80603
0.577 7.68833 5.843
0.578 7.69749 5.83381
0.579 7.73378 5.79754
0.58 7.69894 5.83265
0.581 7.71854 5.81308
0.582 7.67857 5.85293
0.583 7.71183 5.81901
0.584 7.70892 5.82162
0.585 7.71468 5.81622
0.586 7.6994 5.83161
0.587 7.69659 5.83414
0.588 7.73368 5.79729
0.589 7.6838 5.84692
0.59 7.69802 5.83311
0.591 7.68818 5.84334
0.592 7.67991 5.85113
0.593 7.69371 5.83798
0.594 7.73595 5.79558
0.595 7.70808 5.82301
0.596 7.71199 5.81868
0.597 7.72485 5.80607
0.598 7.71709 5.81436
0.599 7.71376 5.81725
0.6 7.70341 5.82803
0.601 7.7264 5.80459
0.602 7.72945 5.80242
0.603 7.6972 5.8342
0.604 7.70171 5.82983
0.605 7.71742 5.81371
0.606 7.72605 5.80495
0.607 7.70046 5.83089
0.608 7.7221 5.80913
0.609 7.70083 5.83028
0.61 7.68772 5.84408
0.611 7.70163 5.82975
0.612 7.68619 5.84545
0.613 7.71057 5.82054
0.614 7.70601 5.82521
0.615 7.70935 5.82199
0.616 7.70003 5.83194
0.617 7.71008 5.82121
0.618 7.67045 5.86122
0.619 7.69149 5.84013
0.62 7.70195 5.82944
0.621 7.69206 5.83879
0.622 7.72161 5.80974
0.623 7.71153 5.81989
0.624 7.72832 5.80292
0.625 7.71215 5.81833
0.626 7.70119 5.83025
0.627 7.71155 5.81977
0.628 7.70129 5.82996
0.629 7.70933 5.82161
0.63 7.72436 5.80713
0.631 7.7169 5.81454
0.632 7.71451 5.81653
0.633 7.73318 5.79811
0.634 7.71448 5.81672
0.635 7.70335 5.82824
0.636 7.71178 5.81942
0.637 7.70475 5.82688
0.638 7.67656 5.855
0.639 7.71796 5.81329
0.64 7.64246 5.88886
0.641 7.69266 5.83889
0.642 7.70539 5.82606
0.643 7.70538 5.82594
0.644 7.69273 5.83863
0.645 7.72302 5.80837
0.646 7.74065 5.79103
0.647 7.70064 5.83037
0.648 7.69818 5.83313
0.649 7.72471 5.80674
0.65 7.68657 5.84528
0.651 7.72352 5.80779
0.652 7.71892 5.81212
0.653 7.70214 5.82959
0.654 7.70734 5.82397
0.655 7.69155 5.83991
0.656 7.70337 5.82782
0.657 7.7307 5.80085
0.658 7.70406 5.82721
0.659 7.69653 5.83468
0.66 7.70864 5.82274
0.661 7.7108 5.81997
0.662 7.71448 5.81701
0.663 7.68892 5.84239
0.664 7.69814 5.83262
0.665 7.6827 5.84836
0.666 7.70925 5.8222
0.667 7.6646 5.86741
0.668 7.7004 5.83129
0.669 7.7087 5.82266
0.67 7.68499 5.84665
0.671 7.68542 5.8455
0.672 7.69274 5.83879
0.673 7.73493 5.79667
0.674 7.69507 5.83645
0.675 7.69682 5.83399
0.676 7.67666 5.85507
0.677 7.70561 5.82587
0.678 7.67859 5.8529
0.679 7.69061 5.84082
0.68 7.73413 5.79709
0.681 7.682 5.84947
0.682 7.70485 5.82649
0.683 7.71693 5.81414
0.684 7.67466 5.85668
0.685 7.72901 5.80207
0.686 7.71592 5.81533
0.687 7.70075 5.83017
0.688 7.69718 5.83447
0.689 7.7049 5.82636
0.69 7.70985 5.82136
0.691 7.6921 5.83907
0.692 7.69271 5.83928
0.693 7.69834 5.83289
0.694 7.71582 5.81588
0.695 7.71091 5.82002
0.696 7.71098 5.82009
0.697 7.69693 5.83414
0.698 7.72038 5.81105
0.699 7.70784 5.82307
0.7 7.70259 5.82847
0.701 7.72111 5.81065
0.702 7.70241 5.82939
0.703 7.71954 5.8122
0.704 7.70851 5.82295
0.705 7.74277 5.78797
0.706 7.69756 5.83354
0.707 7.71452 5.81697
0.708 7.71899 5.81258
0.709 7.66009 5.87055
0.71 7.72 5.81166
0.711 7.71256 5.81879
0.712 7.70653 5.82452
0.713 7.72209 5.80865
0.714 7.72811 5.80327
0.715 7.72198 5.80952
0.716 7.69186 5.83936
0.717 7.70828 5.82354
0.718 7.67832 5.85312
0.719 7.70539 5.82546
0.72 7.7103 5.82159
0.721 7.70275 5.82841
0.722 7.6918 5.83974
0.723 7.72947 5.80241
0.724 7.71673 5.81459
0.725 7.70577 5.82546
0.726 7.69983 5.83121
0.727 7.71418 5.81745
0.728 7.69788 5.83412
0.729 7.68022 5.85132
0.73 7.71797 5.81411
0.731 7.72157 5.80973
0.732 7.70592 5.82563
0.733 7.71355 5.8181
0.734 7.72367 5.80794
0.735 7.69906 5.83244
0.736 7.69281 5.83833
0.737 7.70672 5.82425
0.738 7.67749 5.85362
0.739 7.69425 5.83715
0.74 7.7188 5.81214
0.741 7.70707 5.82433
0.742 7.70374 5.82736
0.743 7.69084 5.84073
0.744 7.68684 5.84454
0.745 7.71835 5.81283
0.746 7.71585 5.81538
0.747 7.69421 5.83746
0.748 7.70685 5.8248
0.749 7.71011 5.8212
0.75 7.662 5.86944
0.751 7.71006 5.82144
0.752 7.72264 5.80846
0.753 7.65724 5.87446
0.754 7.68907 5.84217
0.755 7.71922 5.81243
0.756 7.70601 5.82533
0.757 7.74189 5.78869
0.758 7.71414 5.81745
0.759 7.66198 5.86958
0.76 7.67846 5.8529
0.761 7.73678 5.79455
0.762 7.72207 5.80898
0.763 7.73037 5.80112
0.764 7.69217 5.83876
0.765 7.6693 5.86202
0.766 7.71869 5.81252
0.767 7.69374 5.83765
0.768 7.70076 5.83047
0.769 7.73204 5.8
0.77 7.70644 5.8249
0.771 7.69535 5.83569
0.772 7.73474 5.79648
0.773 7.70987 5.82144
0.774 7.71061 5.8208
0.775 7.72903 5.80273
0.776 7.7054 5.82567
0.777 7.69788 5.83339
0.778 7.70847 5.82287
0.779 7.67064 5.8607
0.78 7.69512 5.83702
0.781 7.68035 5.85056
0.782 7.69382 5.83809
0.783 7.69337 5.83794
0.784 7.70715 5.82396
0.785 7.69006 5.84114
0.786 7.69682 5.83433
0.787 7.69895 5.83269
0.788 7.67182 5.85907
0.789 7.72282 5.80842
0.79 7.68614 5.84518
0.791 7.70582 5.82534
0.792 7.67833 5.85288
0.793 7.68865 5.84269
0.794 7.67119 5.86025
0.795 7.72562 5.8063
0.796 7.68313 5.84857
0.797 7.67309 5.85765
0.798 7.72259 5.8098
0.799 7.66644 5.86512
0.8 7.67593 5.85505
0.801 7.69635 5.83539
0.802 7.68865 5.84257
0.803 7.73612 5.79518
0.804 7.69401 5.83718
0.805 7.68849 5.84338
0.806 7.71966 5.81172
0.807 7.72459 5.80659
0.808 7.6745 5.85679
0.809 7.70558 5.82613
0.81 7.68074 5.85089
0.811 7.68361 5.84795
0.812 7.72526 5.80648
0.813 7.6844 5.84668
0.814 7.6863 5.84505
0.815 7.68857 5.8432
0.816 7.69589 5.83588
0.817 7.70276 5.82898
0.818 7.71819 5.81304
0.819 7.72161 5.8102
0.82 7.7019 5.8296
0.821 7.68791 5.84365
0.822 7.71677 5.81453
0.823 7.6917 5.84035
0.824 7.71058 5.82065
0.825 7.6835 5.84787
0.826 7.70631 5.82506
0.827 7.70156 5.82958
0.828 7.69969 5.83148
0.829 7.7119 5.81939
0.83 7.67863 5.85275
0.831 7.70623 5.82537
0.832 7.69815 5.83319
0.833 7.70557 5.82638
0.834 7.7052 5.82556
0.835 7.71234 5.81885
0.836 7.70083 5.83054
0.837 7.69095 5.84013
0.838 7.71694 5.815
0.839 7.68196 5.8493
0.84 7.6988 5.83262
0.841 7.69343 5.83784
0.842 7.70486 5.82644
0.843 7.69524 5.83642
0.844 7.69283 5.83798
0.845 7.69858 5.83341
0.846 7.70428 5.82755
0.847 7.65205 5.87956
0.848 7.69566 5.83554
0.849 7.70375 5.82802
0.85 7.69977 5.83108
0.851 7.67681 5.85431
0.852 7.69344 5.83878
0.853 7.68062 5.8511
0.854 7.69319 5.83805
0.855 7.69719 5.83461
0.856 7.73585 5.7957
0.857 7.69624 5.83522
0.858 7.70582 5.82506
0.859 7.69304 5.83859
0.86 7.72069 5.81105
0.861 7.69079 5.84025
0.862 7.68331 5.84803
0.863 7.68005 5.85087
0.864 7.71628 5.81541
0.865 7.71117 5.82105
0.866 7.69559 5.8356
0.867 7.68777 5.84397
0.868 7.71901 5.81249
0.869 7.704 5.82772
0.87 7.69409 5.83687
0.871 7.69312 5.83824
0.872 7.67123 5.86034
0.873 7.69908 5.83278
0.874 7.71459 5.81647
0.875 7.69885 5.83257
0.876 7.66805 5.86369
0.877 7.67629 5.8545
0.878 7.69946 5.83175
0.879 7.69084 5.84041
0.88 7.69063 5.84124
0.881 7.72345 5.8076
0.882 7.72617 5.80495
0.883 7.66929 5.86175
0.884 7.70791 5.82381
0.885 7.71096 5.82028
0.886 7.71523 5.81609
0.887 7.71931 5.81183
0.888 7.70191 5.82941
0.889 7.71414 5.81716
0.89 7.69696 5.83491
0.891 7.68231 5.84856
0.892 7.72735 5.80372
0.893 7.6872 5.84393
0.894 7.69378 5.83756
0.895 7.70788 5.82361
0.896 7.68739 5.844
0.897 7.71487 5.81624
0.898 7.68443 5.84679
0.899 7.69562 5.83541
0.9 7.69042 5.84109
0.901 7.7129 5.81827
0.902 7.69152 5.84028
0.903 7.70483 5.82675
0.904 7.70393 5.82692
0.905 7.71574 5.81505
0.906 7.71652 5.81453
0.907 7.71007 5.82151
0.908 7.72499 5.80637
0.909 7.70546 5.82575
0.91 7.67956 5.85143
0.911 7.69333 5.83779
0.912 7.71533 5.81587
0.913 7.70286 5.82814
0.914 7.73894 5.79272
0.915 7.70045 5.83039
0.916 7.69601 5.8353
0.917 7.72237 5.80854
0.918 7.68988 5.8412
0.919 7.70638 5.82494
0.92 7.69512 5.83672
0.921 7.72272 5.80829
0.922 7.69574 5.8352
0.923 7.71205 5.81932
0.924 7.68622 5.84537
0.925 7.68758 5.84355
0.926 7.71311 5.81805
0.927 7.69635 5.83543
0.928 7.66861 5.86268
0.929 7.69515 5.83619
0.93 7.74295 5.78809
0.931 7.71324 5.81766
0.932 7.70272 5.82874
0.933 7.70489 5.82623
0.934 7.7026 5.82881
0.935 7.71529 5.81607
0.936 7.71077 5.82051
0.937 7.70884 5.82224
0.938 7.6837 5.8474
0.939 7.68274 5.84832
0.94 7.71299 5.81785
0.941 7.68764 5.84382
0.942 7.71176 5.81923
0.943 7.71633 5.81499
0.944 7.70234 5.82913
0.945 7.70454 5.82705
0.946 7.68848 5.84267
0.947 7.70337 5.82784
0.948 7.70713 5.82399
0.949 7.69329 5.83857
0.95 7.71061 5.82029
0.951 7.71406 5.8171
0.952 7.67012 5.8611
0.953 7.68969 5.84188
0.954 7.67278 5.85895
0.955 7.70529 5.82622
0.956 7.7359 5.79532
0.957 7.6957 5.83548
0.958 7.71813 5.81288
0.959 7.69036 5.84137
0.96 7.68553 5.8458
0.961 7.68102 5.85059
0.962 7.69811 5.8328
0.963 7.69019 5.84068
0.964 7.70803 5.82276
0.965 7.683 5.84849
0.966 7.71203 5.81925
0.967 7.68283 5.84841
0.968 7.71431 5.81674
0.969 7.69467 5.83548
0.97 7.71322 5.81799
0.971 7.67505 5.85672
0.972 7.70669 5.82443
0.973 7.6936 5.83742
0.974 7.69497 5.83648
0.975 7.68219 5.84892
0.976 7.72012 5.81115
0.977 7.71207 5.81896
0.978 7.71933 5.81165
0.979 7.71788 5.81302
0.98 7.70441 5.82709
0.981 7.70506 5.82582
0.982 7.6952 5.83558
0.983 7.70893 5.82243
0.984 7.70252 5.82856
0.985 7.69067 5.84071
0.986 7.70762 5.82345
0.987 7.68557 5.84585
0.988 7.6888 5.84196
0.989 7.70363 5.82822
0.99 7.7325 5.79869
0.991 7.68174 5.85021
0.992 7.72018 5.81099
0.993 7.7083 5.8227
0.994 7.69076 5.84066
0.995 7.70678 5.82416
0.996 7.7129 5.81897
0.997 7.68449 5.84719
0.998 7.68438 5.84653
0.999 7.66231 5.8688
1 7.69289 5.8384
